0.162006
0.162213
0.164496
0.164046
0.16389
0.166345
0.165654
0.157027
0.156059
0.156024
0.156111
0.157753
0.163977
0.164668
0.163839
0.163631
0.163873
0.164081
0.16517
0.166484
0.16351
0.163216
0.17888
0.202617
0.223467
0.256073
0.289993
0.328046
0.367602
0.410149
0.456223
0.501917
0.559972
0.608847
0.658309
0.708377
0.757044
0.802427
0.859445
0.921217
0.987104
1.027628
1.070849
1.127176
1.168115
1.212979
1.271069
1.330455
1.395443
1.450386
1.489129
1.549501
1.585323
1.637638
1.691147
1.747732
1.795777
1.847885
1.899872
1.952619
2.005695
2.058927
2.087937
2.08849
2.088162
2.088283
2.088265
2.088317
2.088352
2.088317
2.088248
2.088213
2.088369
2.087971
2.088386
2.088023
2.088023
2.088058
2.08804
2.088127
2.088006
2.08811
2.088162
2.088213
2.088352
2.088317
2.088404
2.087954
2.088162
2.088127
2.088265
2.088317
2.088265
2.088404
2.088006
2.088075
2.088075
2.088058
2.088092
2.081903
2.087764
2.085516
2.085482
2.084151
2.087868
2.088162
2.088144
2.087989
2.088006
2.087556
2.087919
2.088248
2.08804
2.08811
2.088213
2.088231
2.088231