0.156005
0.156092
0.156074
0.155936
0.155971
0.154225
0.154623
0.154744
0.154243
0.15604
0.156092
0.156143
0.156178
0.156126
0.154536
0.157163
0.157698
0.157647
0.157249
0.156748
0.156783
0.157076
0.155953
0.155798
0.154139
0.163556
0.1709
0.193915
0.244457
0.276924
0.309426
0.349755
0.389238
0.431831
0.477379
0.52303
0.57822
0.639854
0.685816
0.733265
0.773007
0.818623
0.87561
0.940424
0.990066
1.027026
1.075321
1.122061
1.175264
1.232336
1.281323
1.332089
1.378397
1.421525
1.46614
1.51383
1.562471
1.611059
1.660115
1.709343
1.759297
1.812775
1.866773
1.913564
1.960892
2.012072
2.063149
2.086994
2.087651
2.08734
2.087254
2.087236
2.087305
2.087426
2.087478
2.087133
2.087184
2.087254
2.087357
2.087323
2.087409
2.087634
2.08753
2.087668
2.087634
2.087513
2.087513
2.087357
2.087478
2.087133
2.087133
2.08715
2.087167
2.087184
2.087323
2.087219
2.087271
2.087305