0.156941
0.159049
0.156768
0.157909
0.15409
0.155593
0.156215
0.155731
0.155783
0.157218
0.155887
0.157114
0.156976
0.155783
0.155749
0.155697
0.155714
0.155835
0.156302
0.153796
0.155697
0.155679
0.155662
0.155731
0.156094
0.156371
0.159447
0.162886
0.162886
0.162851
0.162748
0.162385
0.162229
0.162091
0.162039
0.162005
0.164476
0.164528
0.16458
0.16216
0.162039
0.164372
0.16458
0.164614
0.161642
0.164268
0.158773
0.169056
0.185525
0.200439
0.228073
0.261962
0.297338
0.331366
0.365376
0.410965
0.451612
0.501003
0.54763
0.588691
0.639136
0.679991
0.721484
0.775939
0.830878
0.879215
0.934482
0.968475
1.013459
1.065633
1.123527
1.171656
1.223052
1.265324
1.306281
1.356986
1.397028
1.445071
1.493978
1.543231
1.592744
1.642619
1.696175
1.746862
1.7999
1.851071
1.897974
1.947815
2.000126
2.054806
2.088108
2.08873
2.08809
2.088194
2.088332
2.088332
2.08835
2.088384
2.088436
2.088315
2.088281
2.088108
2.088211
2.088229
2.088332
2.088384
2.088419
2.088436
2.088332
2.08835
2.088194
2.088281
2.088263
2.088263
2.088194
2.088402
2.088488
2.088488
2.088505
2.08854
2.088574
2.08816
2.088263
2.088281
2.088246
2.088436
2.088453
2.088402
2.088419
2.088488
2.088211
2.088263
2.088436
2.088384
2.088488
2.088453