0.156229
0.156073
0.157317
0.154432
0.156108
0.154449
0.157145
0.156073
0.156056
0.156039
0.156194
0.154622
0.164729
0.163606
0.157162
0.156747
0.159511
0.189901
0.219617
0.251527
0.285389
0.324659
0.363981
0.405047
0.448515
0.504198
0.554542
0.608549
0.656284
0.707199
0.749699
0.797659
0.856469
0.904826
0.957019
0.994578
1.045786
1.101227
1.160244
1.205129
1.255594
1.308426
1.348353
1.393203
1.433613
1.482851
1.532694
1.581726
1.630256
1.67965
1.737025
1.788493
1.848183
1.895711
1.942428
1.990733
2.038468
2.086273
2.085271
2.086549
2.086238
2.086359
2.08629
2.086428
2.086359
2.086446
2.086204
2.08629
2.086532
2.086273
2.086549
2.086307
2.086463
2.086567
2.086204
2.086238
2.086359
2.086705
2.086463
2.086636
2.086584
2.086688
2.08667
2.086739
2.08686
2.086929
2.088916
2.08864
2.088623
2.088778
2.088778
2.088847
2.088692
2.088864
2.088795
2.088674
2.086774
2.088692