0.155991
0.155835
0.155904
0.156008
0.156077
0.1572
0.1558
0.163975
0.163543
0.166014
0.165444
0.164718
0.164389
0.16413
0.163906
0.163871
0.163923
0.16394
0.164251
0.164286
0.164942
0.165634
0.165081
0.163715
0.16299
0.155818
0.163819
0.16375
0.157874
0.155334
0.168744
0.196914
0.226051
0.256536
0.290633
0.325628
0.364426
0.404226
0.448934
0.499794
0.551846
0.60084
0.649592
0.705516
0.732976
0.789332
0.849196
0.899538
0.943313
0.995279
1.038621
1.07894
1.121073
1.168649
1.221134
1.270715
1.314715
1.362896
1.412322
1.466725
1.523738
1.570692
1.623159
1.677424
1.739569
1.772301
1.818409
1.866573
1.917848
1.970626
2.026395
2.08078
2.088471
2.088713
2.091599
2.09127
2.088972
2.091149
2.089127
2.091201
2.089076
2.09127
2.089594
2.091046
2.091322
2.09108
2.090959
2.091098
2.089197
2.089352
2.091236
2.089525
2.089525
2.089197
2.089352
2.089369
2.089335
2.089041
2.089024
2.089438
2.088955
2.089127
2.089162
2.089145
2.089456
2.089006
2.089006