0.158812
0.157152
0.167632
0.163031
0.164778
0.15665
0.157515
0.1562
0.156149
0.156304
0.156218
0.156097
0.156581
0.157618
0.158881
0.158449
0.157428
0.160801
0.159711
0.17761
0.20068
0.225704
0.256227
0.294342
0.345237
0.387901
0.435251
0.486111
0.537681
0.593038
0.659532
0.718469
0.778616
0.846252
0.9101
0.980572
1.04525
1.112418
1.179881
1.234667
1.295022
1.366065
1.445823
1.522347
1.59607
1.669378
1.732586
1.811393
1.848921
1.942376
2.028671
2.078373
2.081676
2.084927
2.081382
2.085359
2.088369
2.089406
2.089354
2.089458
2.088922
2.089285
2.089372
2.08951
2.089527
2.089493
2.089354
2.089475
2.08932
2.089233
2.089406
2.08932
2.089268
2.089441
2.089441
2.089441
2.089493
2.089596
2.089337
2.089337
2.089614
2.089614
2.089233
2.089631
2.08932
2.089337