0.160722
0.160653
0.162364
0.157595
0.156817
0.158597
0.157716
0.157543
0.157353
0.156921
0.156644
0.156316
0.156368
0.15737
0.158424
0.160912
0.158649
0.159133
0.159254
0.158977
0.158666
0.156282
0.157076
0.158908
0.168152
0.16893
0.208931
0.226694
0.255861
0.292268
0.33633
0.385299
0.438155
0.48531
0.541
0.597831
0.659967
0.725748
0.807306
0.87993
0.929192
0.993263
1.066457
1.135591
1.20469
1.28039
1.372798
1.435608
1.498054
1.565702
1.647466
1.701481
1.767366
1.838193
1.912458
1.98745
2.062216
2.084506
2.088031
2.087876
2.087789
2.087807
2.08772
2.087789
2.087789
2.087703
2.087392
2.087582
2.087668
2.08772
2.087668
2.087772
2.087444
2.087686
2.087824
2.087824
2.087737
2.08772
2.087496
2.087513
2.087582
2.087616
2.087686
2.087616
2.087858
2.087807
2.087789
2.087755
2.087772
2.087513
2.087565
2.087565
2.087668
2.087841