0.170475
0.170354
0.170112
0.169888
0.169819
0.169853
0.169836
0.167174
0.167243
0.167693
0.171357
0.17274
0.1721
0.174503
0.175816
0.174779
0.165757
0.168522
0.174192
0.168609
0.165895
0.17974
0.194933
0.225785
0.249378
0.2794
0.324166
0.375172
0.411399
0.456874
0.513791
0.583498
0.647622
0.713198
0.776268
0.84022
0.9003
0.969817
1.048477
1.120033
1.197708
1.274139
1.32912
1.393815
1.47085
1.549182
1.621222
1.693885
1.757716
1.827077
1.900984
1.982341
2.06807
2.090937
2.088327
2.087843
2.08774
2.088016
2.087619
2.087601
2.087722
2.08767
2.08774
2.08774
2.087619
2.087619
2.087619
2.087722
2.08767
2.087722
2.087722
2.087653
2.087809
2.087757
2.087843
2.087861
2.087498
2.087515
2.087584
2.087636
2.087688
2.087601
2.087601
2.08774
2.087774
2.087757