0.1615
0.160637
0.161776
0.159359
0.158997
0.157616
0.164297
0.165074
0.164711
0.160792
0.159515
0.159066
0.158876
0.159446
0.161535
0.161673
0.161155
0.161224
0.161103
0.157771
0.157322
0.161137
0.157667
0.161569
0.184133
0.219506
0.249665
0.287351
0.333497
0.377018
0.427135
0.479219
0.537673
0.603344
0.665441
0.739899
0.811525
0.881771
0.939707
0.99281
1.06202
1.135873
1.207137
1.286256
1.35809
1.423001
1.496009
1.572849
1.651519
1.734505
1.795653
1.864759
1.940926
2.021754
2.085767
2.085612
2.085577
2.085474
2.085318
2.085197
2.085215
2.085404
2.082919
2.085266
2.085284
2.085111
2.085163
2.085456
2.083126
2.085232
2.085491
2.083022
2.085111
2.085301
2.083022
2.085387
2.082867
2.083108
2.085404
2.083436
2.085646
2.085422
2.084956
2.085232
2.085577
2.083057
2.085353
2.085387
2.085474