0.166438
0.166023
0.165555
0.165624
0.166092
0.159549
0.159289
0.163028
0.163132
0.159878
0.160328
0.162128
0.165036
0.165174
0.16244
0.162353
0.161488
0.160657
0.157922
0.157507
0.157212
0.157247
0.159999
0.164361
0.158649
0.160466
0.168567
0.189995
0.210904
0.246058
0.299524
0.343436
0.385704
0.44059
0.498054
0.557475
0.628319
0.690907
0.75983
0.828615
0.892189
0.942644
1.028893
1.102074
1.171032
1.242482
1.293542
1.354226
1.448351
1.521687
1.583306
1.665816
1.724735
1.793572
1.864191
1.939483
2.020834
2.090415
2.090796
2.091021
2.091246
2.087888
2.091021
2.091159
2.090363
2.090657
2.090796
2.08832
2.087524
2.087992
2.088563
2.088199
2.090328
2.090761
2.090657
2.091003
2.090813
2.090813
2.090969
2.091055
2.091021
2.090796
2.090674
2.090744
2.090761
2.091003
2.090986
2.090744
2.09083
2.09083
2.090934
2.090969
2.090899