0.15674
0.156584
0.156688
0.156947
0.156964
0.162784
0.158156
0.155548
0.155117
0.15503
0.154996
0.155065
0.154564
0.154426
0.15484
0.156015
0.155048
0.157793
0.167809
0.175822
0.196803
0.218718
0.246123
0.270541
0.28838
0.309638
0.335506
0.363085
0.39479
0.432833
0.45119
0.487299
0.515205
0.544994
0.578841
0.602775
0.627383
0.660902
0.6943
0.73369
0.772165
0.794131
0.825335
0.858509
0.891665
0.928033
0.958098
1.006226
1.043406
1.073332
1.097129
1.138626
1.158657
1.192193
1.227145
1.262667
1.298604
1.33751
1.380216
1.415116
1.463503
1.492256
1.522942
1.560761
1.596974
1.632772
1.668087
1.700776
1.732724
1.762184
1.793147
1.828341
1.863276
1.898608
1.933939
1.980531
2.020335
2.061262
2.083435
2.084161
2.084092
2.084022
2.084178
2.084178
2.084126