0.157119
0.15755
0.157688
0.157654
0.15572
0.15629
0.15686
0.155668
0.157568
0.15698
0.155202
0.169516
0.171605
0.157947
0.16292
0.183294
0.207243
0.23038
0.257332
0.285546
0.319629
0.349293
0.371049
0.400971
0.425248
0.454704
0.488529
0.520886
0.5568
0.588518
0.617491
0.666821
0.679287
0.711247
0.745814
0.786615
0.828986
0.857424
0.881856
0.911968
0.936815
0.96798
0.999008
1.030916
1.065121
1.10043
1.135136
1.168028
1.203407
1.243516
1.290187
1.322544
1.352795
1.39249
1.404801
1.423224
1.45515
1.490045
1.527461
1.563168
1.602173
1.642093
1.681771
1.717253
1.753547
1.790635
1.82705
1.875154
1.905801
1.942648
1.968944
2.006309
2.040116
2.075529
2.083696
2.083368
2.083437
2.08342
2.083731
2.08342
2.083386