0.156837
0.157286
0.156768
0.156076
0.155972
0.156543
0.156647
0.156716
0.156716
0.157148
0.155817
0.155834
0.15694
0.156958
0.155851
0.155298
0.154987
0.154382
0.157338
0.171584
0.171722
0.191621
0.212904
0.235189
0.259548
0.282075
0.303721
0.321943
0.345196
0.379963
0.40861
0.439643
0.471281
0.514659
0.541957
0.564553
0.599373
0.624631
0.656217
0.688858
0.718439
0.751253
0.805366
0.827288
0.859185
0.893157
0.935584
0.943813
0.976592
1.012898
1.050864
1.094898
1.12256
1.149167
1.178938
1.212253
1.245516
1.278883
1.312354
1.346516
1.37971
1.412835
1.44596
1.4795
1.513212
1.547029
1.580759
1.615353
1.650155
1.684542
1.71924
1.754198
1.789501
1.825755
1.862442
1.901082
1.935037
1.970755
2.007683
2.044024
2.079898
2.086951
2.089804
2.087314
2.087401
2.087401
2.087366
2.087453
2.087332
2.087453
2.087055
2.087487
2.087262
2.087314
2.087349
2.087349
2.087418
2.087349
2.087401
2.087072
2.08702