0.157961
0.163908
0.163683
0.164133
0.157442
0.157649
0.157891
0.156232
0.156543
0.159084
0.159119
0.157649
0.157252
0.155903
0.155678
0.157304
0.157131
0.156889
0.156007
0.163026
0.162732
0.162974
0.162317
0.161695
0.163942
0.163908
0.163406
0.15879
0.16026
0.186746
0.207319
0.232993
0.257162
0.283856
0.314336
0.340476
0.370956
0.402214
0.433886
0.46625
0.499894
0.534212
0.568547
0.603989
0.642629
0.673713
0.710279
0.751149
0.785138
0.822845
0.850385
0.886121
0.914543
0.945576
0.979583
1.013382
1.047216
1.080548
1.113656
1.146919
1.182361
1.215693
1.248645
1.28177
1.314999
1.348383
1.382442
1.415878
1.450178
1.484237
1.518935
1.554013
1.589386
1.625
1.661134
1.697388
1.733815
1.769931
1.806738
1.84313
1.879921
1.916624
1.953725
1.990913
2.028118
2.065323
2.086606
2.089631
2.086467
2.086415
2.08607
2.086121
2.086398
2.086398
2.086139
2.086346
2.086173
2.086312
2.086329
2.086363
2.086381
2.086467
2.086502