0.158276
0.155301
0.159988
0.167268
0.159711
0.156892
0.155768
0.155751
0.155232
0.156754
0.15646
0.156149
0.155388
0.157653
0.158691
0.159625
0.163723
0.158639
0.160818
0.165072
0.166231
0.1879
0.2132
0.235544
0.259651
0.292474
0.311324
0.337818
0.363154
0.391878
0.419496
0.44618
0.469596
0.514784
0.548109
0.564521
0.585654
0.616506
0.638987
0.668335
0.695866
0.728638
0.760856
0.786589
0.811094
0.839127
0.868595
0.905189
0.937389
0.962725
0.995859
1.023339
1.048864
1.072972
1.098272
1.124368
1.155998
1.185899
1.216526
1.247101
1.278732
1.313405
1.349134
1.382217
1.413985
1.444007
1.473648
1.506748
1.540834
1.575231
1.610251
1.645668
1.681622
1.717973
1.754688
1.791627
1.82867
1.868376
1.905505
1.943067
1.980491
2.015562
2.053055
2.088299
2.088991
2.088611
2.08849
2.088438
2.08785
2.08472
2.088161
2.088023
2.088282
2.085498
2.085014
2.08465
2.084893
2.082108
2.084581
2.084062
2.084287
2.081762
2.081935
2.082454
2.082126
2.08178
2.084858
2.085187
2.085446
2.085723
2.088766
2.088784
2.088732
2.088905
2.088939
2.089026
2.088697
2.088766
2.088663
2.088663
2.088697
2.088784
2.088766
2.088853
2.088836
2.088766