0.154222
0.155259
0.155552
0.155656
0.154464
0.154533
0.155345
0.155397
0.155414
0.15538
0.154896
0.154015
0.155552
0.155587
0.1555
0.155449
0.155449
0.155431
0.155483
0.153825
0.155241
0.155362
0.15538
0.155172
0.155103
0.154602
0.153998
0.153721
0.155466
0.154792
0.153842
0.155466
0.155431
0.154999
0.156468
0.155811
0.15493
0.155863
0.156451
0.173241
0.183605
0.245429
0.28509
0.370233
0.441333
0.506507
0.599389
0.673754
0.764459
0.875237
0.957927
1.071642
1.191575
1.309124
1.425948
1.537106
1.66628
1.797251
1.916597
2.065741
2.087091
2.077349
2.087022
2.080648
2.086625
2.086694
2.084068
2.086901
2.086987
2.08716
2.08336
2.08659
2.086314
2.076865
2.086072
2.080112
2.086245
2.080043
2.080803
2.079439
2.083412
2.076709
2.080458
2.082859
2.080475
2.079491
2.077038
2.077055
2.076986
2.076744
2.076813
2.076848
2.075759
2.07379
2.076606
2.076485
2.076053
2.07341
2.073151
2.073376
2.073065
2.072598
2.072201
2.072045
2.068919
2.068746
2.069299
2.069385
2.069074
2.066207
2.068988
2.069748
2.066311
2.068608
2.068712
2.066
2.068902
2.068677
2.068539
2.068522
2.068763
2.066051