0.161604
0.164645
0.159012
0.162813
0.15801
0.158355
0.162588
0.159081
0.157681
0.156247
0.158407
0.161759
0.158856
0.164869
0.164921
0.176792
0.197872
0.235247
0.261338
0.347993
0.393593
0.459339
0.540741
0.632614
0.719424
0.819176
0.9186
1.003181
1.135263
1.263145
1.398803
1.520914
1.658646
1.796291
1.928787
2.05622
2.08734
2.090105
2.087254
2.087236
2.084593
2.087184
2.084403
2.081154
2.080497
2.080394
2.077439
2.076247
2.072584
2.07362
2.070476
2.068955
2.069836
2.070389
1.843066
2.069059
1.83643
1.837502
1.835152
1.83567
1.835497
1.832543
1.83256
1.832577
1.832612
1.83256
1.832785
1.835981
1.840232
2.062821
2.060298
2.073102
1.847489
2.066657
2.065897
2.066571
2.066622
2.066311
2.066294
2.066622
2.06645
2.066139