0.15499
0.155699
0.15582
0.155837
0.155803
0.155803
0.15537
0.154281
0.155785
0.155785
0.154679
0.155111
0.172111
0.20886
0.253754
0.305704
0.368895
0.428558
0.506829
0.59686
0.693428
0.793852
0.892512
0.997519
1.120425
1.244265
1.372515
1.498015
1.631574
1.774593
1.909794
2.026094
2.092623
2.086086
2.090496
2.08913
2.089043
2.088749
2.082454
2.078235
2.079272
2.083457
2.090029
2.092969
2.090046
2.093003
2.09034
2.086864
2.089925
2.07948
2.07922
2.079307
2.079324
2.079722
2.079393
2.07948
2.07941
2.079376