0.15568
0.155697
0.155715
0.155767
0.154678
0.155144
0.155507
0.157305
0.160399
0.170406
0.209244
0.262064
0.279936
0.360411
0.41375
0.455699
0.518838
0.602632
0.68786
0.769873
0.85804
0.946535
1.035012
1.122885
1.191797
1.292927
1.406294
1.494806
1.594899
1.700833
1.804556
1.872137
1.991242
2.087273
2.089382
2.082278
2.065927
2.011741
2.016269
2.034297
2.086063
2.082312
2.086011
2.082727
2.068295
2.065305
2.068001
2.0829
2.085579
2.086219
2.086098
2.08589
2.085994
2.085769
2.085752
2.085821
2.085838
2.085838
2.085752
2.085752