0.157986
0.157796
0.161082
0.159249
0.159076
0.158937
0.16084
0.160113
0.160476
0.157554
0.15643
0.157657
0.156101
0.158021
0.157018
0.156516
0.156378
0.156412
0.156378
0.157139
0.155755
0.162171
0.190188
0.214313
0.258777
0.313997
0.366572
0.430388
0.4863
0.552035
0.616335
0.692793
0.787081
0.893614
0.973427
1.068234
1.178571
1.257969
1.343471
1.431655
1.557124
1.666026
1.774288
1.878036
1.977755
2.082765
2.087729
2.087573
2.087712
2.08785
2.087712
2.087746
2.087314
2.087487
2.083993
2.084443
2.083803
2.083924
2.083907
2.08389
2.084184
2.084184
2.084218
2.083872
2.084132
2.084045
2.08408
2.084062
2.084114
2.084201
2.084201
2.083907
2.083924
2.083924
2.083924
2.083993
2.084045
2.084287
2.083907
2.083872