0.15586
0.155774
0.155462
0.154216
0.155756
0.155739
0.1556
0.154718
0.154268
0.153974
0.155791
0.155531
0.154908
0.155289
0.154649
0.15612
0.165308
0.181435
0.232135
0.275134
0.315106
0.37117
0.447116
0.487745
0.563621
0.636556
0.732038
0.823661
0.904712
0.988375
1.082317
1.166309
1.250941
1.342547
1.45663
1.566578
1.671075
1.77398
1.868371
1.951498
2.087868
2.088907
2.088578
2.088751
2.088491
2.088128
2.088889
2.088561
2.088907
2.088924
2.088284
2.088941
2.088266
2.085446
2.085654
2.085705
2.085809
2.085844
2.085861
2.08593
2.085913
2.085723
2.085809
2.085654
2.085896
2.085532
2.085515
2.085671
2.085705
2.085757