0.167569
0.161895
0.164213
0.160044
0.157933
0.158245
0.159698
0.160113
0.160338
0.166358
0.166392
0.185577
0.208567
0.244236
0.286878
0.336784
0.388888
0.447288
0.503354
0.574849
0.644874
0.740363
0.822895
0.914232
1.002594
1.093913
1.182673
1.271121
1.364067
1.451598
1.566012
1.674042
1.777679
1.883322
1.968483
2.070079
2.083762
2.090214
2.087377
2.087049
2.084263
2.084212
2.084194
2.084194
2.084073
2.084108
2.084177
2.084108
2.084194
2.084142
2.084194
2.084212
2.084281
2.08435
2.084333
2.08435
2.084281
2.08435
2.084436
2.084021
2.084471
2.084125
2.084108
2.084194
2.084367
2.084298