0.154389
0.154441
0.155895
0.155808
0.15586
0.153991
0.155168
0.15541
0.155652
0.155722
0.154493
0.15432
0.156258
0.156345
0.156379
0.156621
0.157071
0.158559
0.157175
0.158854
0.159113
0.157625
0.15766
0.163041
0.174773
0.192942
0.224435
0.26342
0.307994
0.365079
0.429518
0.482432
0.554779
0.64507
0.704248
0.795923
0.886664
0.973909
1.071571
1.165115
1.264905
1.360024
1.439274
1.561629
1.671646
1.773547
1.897147
1.987369
2.077175
2.088145
2.088301
2.088301
2.088318
2.08837
2.088422
2.088526
2.088388
2.088578
2.091191
2.088664
2.088786
2.089062
2.09107
2.091035
2.089322
2.090862
2.091156
2.088786
2.088803
2.088872
2.088803
2.088647
2.089097
2.088768
2.088664
2.088768
2.088855
2.088647
2.089166